cyclecount,ch1,ch2,ch3,ch4,ch5,ch6,ch7,ch8,ch9,ch10,ch11,ch12,ch13,ch14,ch15,ch16,ch17,ch18,ch19,ch20,ch21,ch22,ch23,ch24,ch25,ch26,ch27,ch28,ch29,ch30,ch31,ch32
0,0.0,0.0,0.0,0.0,0.0,0.0,0.0,0.0,0.0,0.0,0.0,0.0,0.0,0.0,0.0,0.0,0.0,0.0,0.0,0.0,0.0,0.0,0.0,0.0,0.0,0.0,0.0,0.0,0.0,0.0,0.0,0.0
1,0.036815,0.073624,0.110422,0.147203,0.183962,0.220694,0.257392,0.294051,0.330667,0.367232,0.403742,0.440191,0.476574,0.512886,0.54912,0.585271,0.621334,0.657304,0.693174,0.728941,0.764597,0.800138,0.835559,0.870854,0.906018,0.941045,0.975931,1.01067,1.045256,1.079685,1.113952,1.14805
2,0.073624,0.147203,0.220694,0.294051,0.367232,0.440191,0.512886,0.585271,0.657304,0.728941,0.800138,0.870854,0.941045,1.01067,1.079685,1.14805,1.215724,1.282665,1.348834,1.41419,1.478695,1.542308,1.604993,1.666711,1.727425,1.787098,1.845695,1.90318,1.959519,2.014677,2.068622,2.12132
3,0.110422,0.220694,0.330667,0.440191,0.54912,0.657304,0.764597,0.870854,0.975931,1.079685,1.181976,1.282665,1.381616,1.478695,1.573769,1.666711,1.757394,1.845695,1.931495,2.014677,2.095129,2.172741,2.247409,2.319031,2.387511,2.452754,2.514674,2.573186,2.62821,2.679673,2.727504,2.771639
4,0.147203,0.294051,0.440191,0.585271,0.728941,0.870854,1.01067,1.14805,1.282665,1.41419,1.542308,1.666711,1.787098,1.90318,2.014677,2.12132,2.222853,2.319031,2.409623,2.494409,2.573186,2.645764,2.711968,2.771639,2.824632,2.870821,2.910094,2.942356,2.96753,2.985554,2.996386,3.0
5,0.183962,0.367232,0.54912,0.728941,0.906018,1.079685,1.249289,1.41419,1.573769,1.727425,1.874578,2.014677,2.147192,2.271627,2.387511,2.494409,2.591919,2.679673,2.757342,2.824632,2.881292,2.927106,2.961904,2.985554,2.997967,2.999096,2.988938,2.96753,2.934952,2.891328,2.836822,2.771639
6,0.220694,0.440191,0.657304,0.870854,1.079685,1.282665,1.478695,1.666711,1.845695,2.014677,2.172741,2.319031,2.452754,2.573186,2.679673,2.771639,2.848585,2.910094,2.955833,2.985554,2.999096,2.996386,2.977439,2.942356,2.891328,2.824632,2.742629,2.645764,2.534561,2.409623,2.271627,2.12132
7,0.257392,0.512886,0.764597,1.01067,1.249289,1.478695,1.697195,1.90318,2.095129,2.271627,2.431372,2.573186,2.696023,2.798978,2.881292,2.942356,2.981721,2.999096,2.994354,2.96753,2.91882,2.848585,2.757342,2.645764,2.514674,2.365039,2.197963,2.014677,1.816533,1.604993,1.381616,1.14805
8,0.294051,0.585271,0.870854,1.14805,1.41419,1.666711,1.90318,2.12132,2.319031,2.494409,2.645764,2.771639,2.870821,2.942356,2.985554,3.0,2.985554,2.942356,2.870821,2.771639,2.645764,2.494409,2.319031,2.12132,1.90318,1.666711,1.41419,1.14805,0.870854,0.585271,0.294051,0.0
9,0.330667,0.657304,0.975931,1.282665,1.573769,1.845695,2.095129,2.319031,2.514674,2.679673,2.812017,2.910094,2.972708,2.999096,2.988938,2.942356,2.859918,2.742629,2.591919,2.409623,2.197963,1.959519,1.697195,1.41419,1.113952,0.800138,0.476574,0.147203,-0.183962,-0.512886,-0.835559,-1.14805
10,0.367232,0.728941,1.079685,1.41419,1.727425,2.014677,2.271627,2.494409,2.679673,2.824632,2.927106,2.985554,2.999096,2.96753,2.891328,2.771639,2.610261,2.409623,2.172741,1.90318,1.604993,1.282665,0.941045,0.585271,0.220694,-0.147203,-0.512886,-0.870854,-1.215724,-1.542308,-1.845695,-2.12132
11,0.403742,0.800138,1.181976,1.542308,1.874578,2.172741,2.431372,2.645764,2.812017,2.927106,2.988938,2.996386,2.949316,2.848585,2.696023,2.494409,2.247409,1.959519,1.635975,1.282665,0.906018,0.512886,0.110422,-0.294051,-0.693174,-1.079685,-1.446551,-1.787098,-2.095129,-2.365039,-2.591919,-2.771639
12,0.440191,0.870854,1.282665,1.666711,2.014677,2.319031,2.573186,2.771639,2.910094,2.985554,2.996386,2.942356,2.824632,2.645764,2.409623,2.12132,1.787098,1.41419,1.01067,0.585271,0.147203,-0.294051,-0.728941,-1.14805,-1.542308,-1.90318,-2.222853,-2.494409,-2.711968,-2.870821,-2.96753,-3.0
13,0.476574,0.941045,1.381616,1.787098,2.147192,2.452754,2.696023,2.870821,2.972708,2.999096,2.949316,2.824632,2.62821,2.365039,2.041803,1.666711,1.249289,0.800138,0.330667,-0.147203,-0.621334,-1.079685,-1.510615,-1.90318,-2.247409,-2.534561,-2.757342,-2.910094,-2.988938,-2.991871,-2.91882,-2.771639
14,0.512886,1.01067,1.478695,1.90318,2.271627,2.573186,2.798978,2.942356,2.999096,2.96753,2.848585,2.645764,2.365039,2.014677,1.604993,1.14805,0.657304,0.147203,-0.367232,-0.870854,-1.348834,-1.787098,-2.172741,-2.494409,-2.742629,-2.910094,-2.991871,-2.985554,-2.891328,-2.711968,-2.452754,-2.12132
15,0.54912,1.079685,1.573769,2.014677,2.387511,2.679673,2.881292,2.985554,2.988938,2.891328,2.696023,2.409623,2.041803,1.604993,1.113952,0.585271,0.036815,-0.512886,-1.045256,-1.542308,-1.987247,-2.365039,-2.662919,-2.870821,-2.981721,-2.991871,-2.900929,-2.711968,-2.431372,-2.068622,-1.635975,-1.14805
16,0.585271,1.14805,1.666711,2.12132,2.494409,2.771639,2.942356,3.0,2.942356,2.771639,2.494409,2.12132,1.666711,1.14805,0.585271,0.0,-0.585271,-1.14805,-1.666711,-2.12132,-2.494409,-2.771639,-2.942356,-3.0,-2.942356,-2.771639,-2.494409,-2.12132,-1.666711,-1.14805,-0.585271,-0.0
17,0.621334,1.215724,1.757394,2.222853,2.591919,2.848585,2.981721,2.985554,2.859918,2.610261,2.247409,1.787098,1.249289,0.657304,0.036815,-0.585271,-1.181976,-1.727425,-2.197963,-2.573186,-2.836822,-2.977439,-2.988938,-2.870821,-2.62821,-2.271627,-1.816533,-1.282665,-0.693174,-0.073624,0.54912,1.14805
18,0.657304,1.282665,1.845695,2.319031,2.679673,2.910094,2.999096,2.942356,2.742629,2.409623,1.959519,1.41419,0.800138,0.147203,-0.512886,-1.14805,-1.727425,-2.222853,-2.610261,-2.870821,-2.991871,-2.96753,-2.798978,-2.494409,-2.068622,-1.542308,-0.941045,-0.294051,0.367232,1.01067,1.604993,2.12132
19,0.693174,1.348834,1.931495,2.409623,2.757342,2.955833,2.994354,2.870821,2.591919,2.172741,1.635975,1.01067,0.330667,-0.367232,-1.045256,-1.666711,-2.197963,-2.610261,-2.881292,-2.996386,-2.949316,-2.742629,-2.387511,-1.90318,-1.315849,-0.657304,0.036815,0.728941,1.381616,1.959519,2.431372,2.771639
20,0.728941,1.41419,2.014677,2.494409,2.824632,2.985554,2.96753,2.771639,2.409623,1.90318,1.282665,0.585271,-0.147203,-0.870854,-1.542308,-2.12132,-2.573186,-2.870821,-2.996386,-2.942356,-2.711968,-2.319031,-1.787098,-1.14805,-0.440191,0.294051,1.01067,1.666711,2.222853,2.645764,2.910094,3.0
21,0.764597,1.478695,2.095129,2.573186,2.881292,2.999096,2.91882,2.645764,2.197963,1.604993,0.906018,0.147203,-0.621334,-1.348834,-1.987247,-2.494409,-2.836822,-2.991871,-2.949316,-2.711968,-2.295502,-1.727425,-1.045256,-0.294051,0.476574,1.215724,1.874578,2.409623,2.785518,2.977439,2.972708,2.771639
22,0.800138,1.542308,2.172741,2.645764,2.927106,2.996386,2.848585,2.494409,1.959519,1.282665,0.512886,-0.294051,-1.079685,-1.787098,-2.365039,-2.771639,-2.977439,-2.96753,-2.742629,-2.319031,-1.727425,-1.01067,-0.220694,0.585271,1.348834,2.014677,2.534561,2.870821,2.999096,2.910094,2.610261,2.12132
23,0.835559,1.604993,2.247409,2.711968,2.961904,2.977439,2.757342,2.319031,1.697195,0.941045,0.110422,-0.728941,-1.510615,-2.172741,-2.662919,-2.942356,-2.988938,-2.798978,-2.387511,-1.787098,-1.045256,-0.220694,0.621334,1.41419,2.095129,2.610261,2.91882,2.996386,2.836822,2.452754,1.874578,1.14805
24,0.870854,1.666711,2.319031,2.771639,2.985554,2.942356,2.645764,2.12132,1.41419,0.585271,-0.294051,-1.14805,-1.90318,-2.494409,-2.870821,-3.0,-2.870821,-2.494409,-1.90318,-1.14805,-0.294051,0.585271,1.41419,2.12132,2.645764,2.942356,2.985554,2.771639,2.319031,1.666711,0.870854,0.0
25,0.906018,1.727425,2.387511,2.824632,2.997967,2.891328,2.514674,1.90318,1.113952,0.220694,-0.693174,-1.542308,-2.247409,-2.742629,-2.981721,-2.942356,-2.62821,-2.068622,-1.315849,-0.440191,0.476574,1.348834,2.095129,2.645764,2.949316,2.977439,2.727504,2.222853,1.510615,0.657304,-0.257392,-1.14805
26,0.941045,1.787098,2.452754,2.870821,2.999096,2.824632,2.365039,1.666711,0.800138,-0.147203,-1.079685,-1.90318,-2.534561,-2.910094,-2.991871,-2.771639,-2.271627,-1.542308,-0.657304,0.294051,1.215724,2.014677,2.610261,2.942356,2.977439,2.711968,2.172741,1.41419,0.512886,-0.440191,-1.348834,-2.12132
27,0.975931,1.845695,2.514674,2.910094,2.988938,2.742629,2.197963,1.41419,0.476574,-0.512886,-1.446551,-2.222853,-2.757342,-2.991871,-2.900929,-2.494409,-1.816533,-0.941045,0.036815,1.01067,1.874578,2.534561,2.91882,2.985554,2.727504,2.172741,1.381616,0.440191,-0.54912,-1.478695,-2.247409,-2.771639
28,1.01067,1.90318,2.573186,2.942356,2.96753,2.645764,2.014677,1.14805,0.147203,-0.870854,-1.787098,-2.494409,-2.910094,-2.985554,-2.711968,-2.12132,-1.282665,-0.294051,0.728941,1.666711,2.409623,2.870821,2.996386,2.771639,2.222853,1.41419,0.440191,-0.585271,-1.542308,-2.319031,-2.824632,-3.0
29,1.045256,1.959519,2.62821,2.96753,2.934952,2.534561,1.816533,0.870854,-0.183962,-1.215724,-2.095129,-2.711968,-2.988938,-2.891328,-2.431372,-1.666711,-0.693174,0.367232,1.381616,2.222853,2.785518,2.999096,2.836822,2.319031,1.510615,0.512886,-0.54912,-1.542308,-2.342212,-2.848585,-2.997967,-2.771639
30,1.079685,2.014677,2.679673,2.985554,2.891328,2.409623,1.604993,0.585271,-0.512886,-1.542308,-2.365039,-2.870821,-2.991871,-2.711968,-2.068622,-1.14805,-0.073624,1.01067,1.959519,2.645764,2.977439,2.910094,2.452754,1.666711,0.657304,-0.440191,-1.478695,-2.319031,-2.848585,-2.996386,-2.742629,-2.12132
31,1.113952,2.068622,2.727504,2.996386,2.836822,2.271627,1.381616,0.294051,-0.835559,-1.845695,-2.591919,-2.96753,-2.91882,-2.452754,-1.635975,-0.585271,0.54912,1.604993,2.431372,2.910094,2.972708,2.610261,1.874578,0.870854,-0.257392,-1.348834,-2.247409,-2.824632,-2.997967,-2.742629,-2.095129,-1.14805
32,1.14805,2.12132,2.771639,3.0,2.771639,2.12132,1.14805,0.0,-1.14805,-2.12132,-2.771639,-3.0,-2.771639,-2.12132,-1.14805,-0.0,1.14805,2.12132,2.771639,3.0,2.771639,2.12132,1.14805,0.0,-1.14805,-2.12132,-2.771639,-3.0,-2.771639,-2.12132,-1.14805,-0.0
33,1.181976,2.172741,2.812017,2.996386,2.696023,1.959519,0.906018,-0.294051,-1.446551,-2.365039,-2.900929,-2.96753,-2.554066,-1.727425,-0.621334,0.585271,1.697195,2.534561,2.961904,2.910094,2.387511,1.478695,0.330667,-0.870854,-1.931495,-2.679673,-2.994354,-2.824632,-2.197963,-1.215724,-0.036815,1.14805
34,1.215724,2.222853,2.848585,2.985554,2.610261,1.787098,0.657304,-0.585271,-1.727425,-2.573186,-2.977439,-2.870821,-2.271627,-1.282665,-0.073624,1.14805,2.172741,2.824632,2.991871,2.645764,1.845695,0.728941,-0.512886,-1.666711,-2.534561,-2.96753,-2.891328,-2.319031,-1.348834,-0.147203,1.079685,2.12132
35,1.249289,2.271627,2.881292,2.96753,2.514674,1.604993,0.403742,-0.870854,-1.987247,-2.742629,-2.999774,-2.711968,-1.931495,-0.800138,0.476574,1.666711,2.554066,2.977439,2.859918,2.222853,1.181976,-0.073624,-1.315849,-2.319031,-2.900929,-2.955833,-2.473768,-1.542308,-0.330667,0.941045,2.041803,2.771639
36,1.282665,2.319031,2.910094,2.942356,2.409623,1.41419,0.147203,-1.14805,-2.222853,-2.870821,-2.96753,-2.494409,-1.542308,-0.294051,1.01067,2.12132,2.824632,2.985554,2.573186,1.666711,0.440191,-0.870854,-2.014677,-2.771639,-2.996386,-2.645764,-1.787098,-0.585271,0.728941,1.90318,2.711968,3.0
37,1.315849,2.365039,2.934952,2.910094,2.295502,1.215724,-0.110422,-1.41419,-2.431372,-2.955833,-2.881292,-2.222853,-1.113952,0.220694,1.510615,2.494409,2.972708,2.848585,2.147192,1.01067,-0.330667,-1.604993,-2.554066,-2.985554,-2.812017,-2.068622,-0.906018,0.440191,1.697195,2.610261,2.994354,2.771639
38,1.348834,2.409623,2.955833,2.870821,2.172741,1.01067,-0.367232,-1.666711,-2.610261,-2.996386,-2.742629,-1.90318,-0.657304,0.728941,1.959519,2.771639,2.991871,2.573186,1.604993,0.294051,-1.079685,-2.222853,-2.891328,-2.942356,-2.365039,-1.282665,0.073624,1.41419,2.452754,2.96753,2.848585,2.12132
39,1.381616,2.452754,2.972708,2.824632,2.041803,0.800138,-0.621334,-1.90318,-2.757342,-2.991871,-2.554066,-1.542308,-0.183962,1.215724,2.342212,2.942356,2.881292,2.172741,0.975931,-0.440191,-1.757394,-2.679673,-2.999774,-2.645764,-1.697195,-0.367232,1.045256,2.222853,2.900929,2.927106,2.295502,1.14805
40,1.41419,2.494409,2.985554,2.771639,1.90318,0.585271,-0.870854,-2.12132,-2.870821,-2.942356,-2.319031,-1.14805,0.294051,1.666711,2.645764,3.0,2.645764,1.666711,0.294051,-1.14805,-2.319031,-2.942356,-2.870821,-2.12132,-0.870854,0.585271,1.90318,2.771639,2.985554,2.494409,1.41419,0.0
41,1.446551,2.534561,2.994354,2.711968,1.757394,0.367232,-1.113952,-2.319031,-2.949316,-2.848585,-2.041803,-0.728941,0.764597,2.068622,2.859918,2.942356,2.295502,1.079685,-0.403742,-1.787098,-2.727504,-2.991871,-2.514674,-1.41419,0.036815,1.478695,2.554066,2.996386,2.696023,1.727425,0.330667,-1.14805
42,1.478695,2.573186,2.999096,2.645764,1.604993,0.147203,-1.348834,-2.494409,-2.991871,-2.711968,-1.727425,-0.294051,1.215724,2.409623,2.977439,2.771639,1.845695,0.440191,-1.079685,-2.319031,-2.955833,-2.824632,-1.959519,-0.585271,0.941045,2.222853,2.927106,2.870821,2.068622,0.728941,-0.800138,-2.12132
43,1.510615,2.610261,2.999774,2.573186,1.446551,-0.073624,-1.573769,-2.645764,-2.997967,-2.534561,-1.381616,0.147203,1.635975,2.679673,2.994354,2.494409,1.315849,-0.220694,-1.697195,-2.711968,-2.988938,-2.452754,-1.249289,0.294051,1.757394,2.742629,2.981721,2.409623,1.181976,-0.367232,-1.816533,-2.771639
44,1.542308,2.645764,2.996386,2.494409,1.282665,-0.294051,-1.787098,-2.771639,-2.96753,-2.319031,-1.01067,0.585271,2.014677,2.870821,2.910094,2.12132,0.728941,-0.870854,-2.222853,-2.942356,-2.824632,-1.90318,-0.440191,1.14805,2.409623,2.985554,2.711968,1.666711,0.147203,-1.41419,-2.573186,-3.0
45,1.573769,2.679673,2.988938,2.409623,1.113952,-0.512886,-1.987247,-2.870821,-2.900929,-2.068622,-0.621334,1.01067,2.342212,2.977439,2.727504,1.666711,0.110422,-1.478695,-2.62821,-2.996386,-2.473768,-1.215724,0.403742,1.90318,2.836822,2.927106,2.147192,0.728941,-0.906018,-2.271627,-2.961904,-2.771639
46,1.604993,2.711968,2.977439,2.319031,0.941045,-0.728941,-2.172741,-2.942356,-2.798978,-1.787098,-0.220694,1.41419,2.610261,2.996386,2.452754,1.14805,-0.512886,-2.014677,-2.891328,-2.870821,-1.959519,-0.440191,1.215724,2.494409,2.999096,2.573186,1.348834,-0.294051,-1.845695,-2.824632,-2.927106,-2.12132
47,1.635975,2.742629,2.961904,2.222853,0.764597,-0.941045,-2.342212,-2.985554,-2.662919,-1.478695,0.183962,1.787098,2.812017,2.927106,2.095129,0.585271,-1.113952,-2.452754,-2.997967,-2.573186,-1.315849,0.367232,1.931495,2.870821,2.881292,1.959519,0.403742,-1.282665,-2.554066,-2.999096,-2.473768,-1.14805
48,1.666711,2.771639,2.942356,2.12132,0.585271,-1.14805,-2.494409,-3.0,-2.494409,-1.14805,0.585271,2.12132,2.942356,2.771639,1.666711,0.0,-1.666711,-2.771639,-2.942356,-2.12132,-0.585271,1.14805,2.494409,3.0,2.494409,1.14805,-0.585271,-2.12132,-2.942356,-2.771639,-1.666711,-0.0
49,1.697195,2.798978,2.91882,2.014677,0.403742,-1.348834,-2.62821,-2.985554,-2.295502,-0.800138,0.975931,2.409623,2.997967,2.534561,1.181976,-0.585271,-2.147192,-2.955833,-2.727504,-1.542308,0.183962,1.845695,2.859918,2.870821,1.874578,0.220694,-1.510615,-2.711968,-2.961904,-2.172741,-0.621334,1.14805
50,1.727425,2.824632,2.891328,1.90318,0.220694,-1.542308,-2.742629,-2.942356,-2.068622,-0.440191,1.348834,2.645764,2.977439,2.222853,0.657304,-1.14805,-2.534561,-2.996386,-2.365039,-0.870854,0.941045,2.409623,2.999096,2.494409,1.079685,-0.728941,-2.271627,-2.985554,-2.610261,-1.282665,0.512886,2.12132
51,1.757394,2.848585,2.859918,1.787098,0.036815,-1.727425,-2.836822,-2.870821,-1.816533,-0.073624,1.697195,2.824632,2.881292,1.845695,0.110422,-1.666711,-2.812017,-2.891328,-1.874578,-0.147203,1.635975,2.798978,2.900929,1.90318,0.183962,-1.604993,-2.785518,-2.910094,-1.931495,-0.220694,1.573769,2.771639
52,1.787098,2.870821,2.824632,1.666711,-0.147203,-1.90318,-2.910094,-2.771639,-1.542308,0.294051,2.014677,2.942356,2.711968,1.41419,-0.440191,-2.12132,-2.96753,-2.645764,-1.282665,0.585271,2.222853,2.985554,2.573186,1.14805,-0.728941,-2.319031,-2.996386,-2.494409,-1.01067,0.870854,2.409623,3.0
53,1.816533,2.891328,2.785518,1.542308,-0.330667,-2.068622,-2.961904,-2.645764,-1.249289,0.657304,2.295502,2.996386,2.473768,0.941045,-0.975931,-2.494409,-2.994354,-2.271627,-0.621334,1.282665,2.662919,2.955833,2.041803,0.294051,-1.573769,-2.798978,-2.881292,-1.787098,0.036815,1.845695,2.900929,2.771639
54,1.845695,2.910094,2.742629,1.41419,-0.512886,-2.222853,-2.991871,-2.494409,-0.941045,1.01067,2.534561,2.985554,2.172741,0.440191,-1.478695,-2.771639,-2.891328,-1.787098,0.073624,1.90318,2.927106,2.711968,1.348834,-0.585271,-2.271627,-2.996386,-2.452754,-0.870854,1.079685,2.573186,2.977439,2.12132
55,1.874578,2.927106,2.696023,1.282665,-0.693174,-2.365039,-2.999774,-2.319031,-0.621334,1.348834,2.727504,2.910094,1.816533,-0.073624,-1.931495,-2.942356,-2.662919,-1.215724,0.764597,2.409623,2.997967,2.271627,0.54912,-1.41419,-2.757342,-2.891328,-1.757394,0.147203,1.987247,2.955833,2.62821,1.14805
56,1.90318,2.942356,2.645764,1.14805,-0.870854,-2.494409,-2.985554,-2.12132,-0.294051,1.666711,2.870821,2.771639,1.41419,-0.585271,-2.319031,-3.0,-2.319031,-0.585271,1.41419,2.771639,2.870821,1.666711,-0.294051,-2.12132,-2.985554,-2.494409,-0.870854,1.14805,2.645764,2.942356,1.90318,0.0
57,1.931495,2.955833,2.591919,1.01067,-1.045256,-2.610261,-2.949316,-1.90318,0.036815,1.959519,2.961904,2.573186,0.975931,-1.079685,-2.62821,-2.942356,-1.874578,0.073624,1.987247,2.96753,2.554066,0.941045,-1.113952,-2.645764,-2.934952,-1.845695,0.110422,2.014677,2.972708,2.534561,0.906018,-1.14805
58,1.959519,2.96753,2.534561,0.870854,-1.215724,-2.711968,-2.891328,-1.666711,0.367232,2.222853,2.999096,2.319031,0.512886,-1.542308,-2.848585,-2.771639,-1.348834,0.728941,2.452754,2.985554,2.068622,0.147203,-1.845695,-2.942356,-2.610261,-1.01067,1.079685,2.645764,2.927106,1.787098,-0.220694,-2.12132
59,1.987247,2.977439,2.473768,0.728941,-1.381616,-2.798978,-2.812017,-1.41419,0.693174,2.452754,2.981721,2.014677,0.036815,-1.959519,-2.972708,-2.494409,-0.764597,1.348834,2.785518,2.824632,1.446551,-0.657304,-2.431372,-2.985554,-2.041803,-0.073624,1.931495,2.96753,2.514674,0.800138,-1.315849,-2.771639
60,2.014677,2.985554,2.409623,0.585271,-1.542308,-2.870821,-2.711968,-1.14805,1.01067,2.645764,2.910094,1.666711,-0.440191,-2.319031,-2.996386,-2.12132,-0.147203,1.90318,2.96753,2.494409,0.728941,-1.41419,-2.824632,-2.771639,-1.282665,0.870854,2.573186,2.942356,1.787098,-0.294051,-2.222853,-3.0
61,2.041803,2.991871,2.342212,0.440191,-1.697195,-2.927106,-2.591919,-0.870854,1.315849,2.798978,2.785518,1.282665,-0.906018,-2.610261,-2.91882,-1.666711,0.476574,2.365039,2.988938,2.014677,-0.036815,-2.068622,-2.994354,-2.319031,-0.403742,1.727425,2.934952,2.573186,0.835559,-1.348834,-2.812017,-2.771639
62,2.068622,2.996386,2.271627,0.294051,-1.845695,-2.96753,-2.452754,-0.585271,1.604993,2.910094,2.610261,0.870854,-1.348834,-2.824632,-2.742629,-1.14805,1.079685,2.711968,2.848585,1.41419,-0.800138,-2.573186,-2.927106,-1.666711,0.512886,2.409623,2.977439,1.90318,-0.220694,-2.222853,-2.999096,-2.12132
63,2.095129,2.999096,2.197963,0.147203,-1.987247,-2.991871,-2.295502,-0.294051,1.874578,2.977439,2.387511,0.440191,-1.757394,-2.955833,-2.473768,-0.585271,1.635975,2.927106,2.554066,0.728941,-1.510615,-2.891328,-2.62821,-0.870854,1.381616,2.848585,2.696023,1.01067,-1.249289,-2.798978,-2.757342,-1.14805
64,2.12132,3.0,2.12132,0.0,-2.12132,-3.0,-2.12132,-0.0,2.12132,3.0,2.12132,0.0,-2.12132,-3.0,-2.12132,-0.0,2.12132,3.0,2.12132,0.0,-2.12132,-3.0,-2.12132,-0.0,2.12132,3.0,2.12132,0.0,-2.12132,-3.0,-2.12132,-0.0
65,2.147192,2.999096,2.041803,-0.147203,-2.247409,-2.991871,-1.931495,0.294051,2.342212,2.977439,1.816533,-0.440191,-2.431372,-2.955833,-1.697195,0.585271,2.514674,2.927106,1.573769,-0.728941,-2.591919,-2.891328,-1.446551,0.870854,2.662919,2.848585,1.315849,-1.01067,-2.727504,-2.798978,-1.181976,1.14805
66,2.172741,2.996386,1.959519,-0.294051,-2.365039,-2.96753,-1.727425,0.585271,2.534561,2.910094,1.478695,-0.870854,-2.679673,-2.824632,-1.215724,1.14805,2.798978,2.711968,0.941045,-1.41419,-2.891328,-2.573186,-0.657304,1.666711,2.955833,2.409623,0.367232,-1.90318,-2.991871,-2.222853,-0.073624,2.12132
67,2.197963,2.991871,1.874578,-0.440191,-2.473768,-2.927106,-1.510615,0.870854,2.696023,2.798978,1.113952,-1.282665,-2.859918,-2.610261,-0.693174,1.666711,2.961904,2.365039,0.257392,-2.014677,-2.999774,-2.068622,0.183962,2.319031,2.972708,1.727425,-0.621334,-2.573186,-2.881292,-1.348834,1.045256,2.771639
68,2.222853,2.985554,1.787098,-0.585271,-2.573186,-2.870821,-1.282665,1.14805,2.824632,2.645764,0.728941,-1.666711,-2.96753,-2.319031,-0.147203,2.12132,2.996386,1.90318,-0.440191,-2.494409,-2.910094,-1.41419,1.01067,2.771639,2.711968,0.870854,-1.542308,-2.942356,-2.409623,-0.294051,2.014677,3.0
69,2.247409,2.977439,1.697195,-0.728941,-2.662919,-2.798978,-1.045256,1.41419,2.91882,2.452754,0.330667,-2.014677,-2.999774,-1.959519,0.403742,2.494409,2.900929,1.348834,-1.113952,-2.824632,-2.62821,-0.657304,1.757394,2.985554,2.197963,-0.073624,-2.295502,-2.96753,-1.635975,0.800138,2.696023,2.771639
70,2.271627,2.96753,1.604993,-0.870854,-2.742629,-2.711968,-0.800138,1.666711,2.977439,2.222853,-0.073624,-2.319031,-2.955833,-1.542308,0.941045,2.771639,2.679673,0.728941,-1.727425,-2.985554,-2.172741,0.147203,2.365039,2.942356,1.478695,-1.01067,-2.798978,-2.645764,-0.657304,1.787098,2.991871,2.12132
71,2.295502,2.955833,1.510615,-1.01067,-2.812017,-2.610261,-0.54912,1.90318,2.999774,1.959519,-0.476574,-2.573186,-2.836822,-1.079685,1.446551,2.942356,2.342212,0.073624,-2.247409,-2.96753,-1.573769,0.941045,2.785518,2.645764,0.621334,-1.845695,-2.997967,-2.014677,0.403742,2.534561,2.859918,1.14805
72,2.319031,2.942356,1.41419,-1.14805,-2.870821,-2.494409,-0.294051,2.12132,2.985554,1.666711,-0.870854,-2.771639,-2.645764,-0.585271,1.90318,3.0,1.90318,-0.585271,-2.645764,-2.771639,-0.870854,1.666711,2.985554,2.12132,-0.294051,-2.494409,-2.870821,-1.14805,1.41419,2.942356,2.319031,0.0
73,2.342212,2.927106,1.315849,-1.282665,-2.91882,-2.365039,-0.036815,2.319031,2.934952,1.348834,-1.249289,-2.910094,-2.387511,-0.073624,2.295502,2.942356,1.381616,-1.215724,-2.900929,-2.409623,-0.110422,2.271627,2.949316,1.41419,-1.181976,-2.891328,-2.431372,-0.147203,2.247409,2.955833,1.446551,-1.14805
74,2.365039,2.910094,1.215724,-1.41419,-2.955833,-2.222853,0.220694,2.494409,2.848585,1.01067,-1.604993,-2.985554,-2.068622,0.440191,2.610261,2.771639,0.800138,-1.787098,-2.999096,-1.90318,0.657304,2.711968,2.679673,0.585271,-1.959519,-2.996386,-1.727425,0.870854,2.798978,2.573186,0.367232,-2.12132
75,2.387511,2.891328,1.113952,-1.542308,-2.981721,-2.068622,0.476574,2.645764,2.727504,0.657304,-1.931495,-2.996386,-1.697195,0.941045,2.836822,2.494409,0.183962,-2.271627,-2.934952,-1.282665,1.381616,2.955833,2.197963,-0.294051,-2.554066,-2.798978,-0.835559,1.787098,2.999774,1.845695,-0.764597,-2.771639
76,2.409623,2.870821,1.01067,-1.666711,-2.996386,-1.90318,0.728941,2.771639,2.573186,0.294051,-2.222853,-2.942356,-1.282665,1.41419,2.96753,2.12132,-0.440191,-2.645764,-2.711968,-0.585271,2.014677,2.985554,1.542308,-1.14805,-2.910094,-2.319031,0.147203,2.494409,2.824632,0.870854,-1.787098,-3.0
77,2.431372,2.848585,0.906018,-1.787098,-2.999774,-1.727425,0.975931,2.870821,2.387511,-0.073624,-2.473768,-2.824632,-0.835559,1.845695,2.997967,1.666711,-1.045256,-2.891328,-2.342212,0.147203,2.514674,2.798978,0.764597,-1.90318,-2.994354,-1.604993,1.113952,2.910094,2.295502,-0.220694,-2.554066,-2.771639
78,2.452754,2.824632,0.800138,-1.90318,-2.991871,-1.542308,1.215724,2.942356,2.172741,-0.440191,-2.679673,-2.645764,-0.367232,2.222853,2.927106,1.14805,-1.604993,-2.996386,-1.845695,0.870854,2.848585,2.409623,-0.073624,-2.494409,-2.798978,-0.728941,1.959519,2.985554,1.478695,-1.282665,-2.955833,-2.12132
79,2.473768,2.798978,0.693174,-2.014677,-2.972708,-1.348834,1.446551,2.985554,1.931495,-0.800138,-2.836822,-2.409623,0.110422,2.534561,2.757342,0.585271,-2.095129,-2.955833,-1.249289,1.542308,2.994354,1.845695,-0.906018,-2.870821,-2.342212,0.220694,2.591919,2.711968,0.476574,-2.172741,-2.934952,-1.14805
80,2.494409,2.771639,0.585271,-2.12132,-2.942356,-1.14805,1.666711,3.0,1.666711,-1.14805,-2.942356,-2.12132,0.585271,2.771639,2.494409,0.0,-2.494409,-2.771639,-0.585271,2.12132,2.942356,1.14805,-1.666711,-3.0,-1.666711,1.14805,2.942356,2.12132,-0.585271,-2.771639,-2.494409,-0.0
81,2.514674,2.742629,0.476574,-2.222853,-2.900929,-0.941045,1.874578,2.985554,1.381616,-1.478695,-2.994354,-1.787098,1.045256,2.927106,2.147192,-0.585271,-2.785518,-2.452754,0.110422,2.573186,2.696023,0.367232,-2.295502,-2.870821,-0.835559,1.959519,2.972708,1.282665,-1.573769,-2.999096,-1.697195,1.14805
82,2.534561,2.711968,0.367232,-2.319031,-2.848585,-0.728941,2.068622,2.942356,1.079685,-1.787098,-2.991871,-1.41419,1.478695,2.996386,1.727425,-1.14805,-2.955833,-2.014677,0.800138,2.870821,2.271627,-0.440191,-2.742629,-2.494409,0.073624,2.573186,2.679673,0.294051,-2.365039,-2.824632,-0.657304,2.12132
83,2.554066,2.679673,0.257392,-2.409623,-2.785518,-0.512886,2.247409,2.870821,0.764597,-2.068622,-2.934952,-1.01067,1.874578,2.977439,1.249289,-1.666711,-2.997967,-1.478695,1.446551,2.996386,1.697195,-1.215724,-2.972708,-1.90318,0.975931,2.927106,2.095129,-0.728941,-2.859918,-2.271627,0.476574,2.771639
84,2.573186,2.645764,0.147203,-2.494409,-2.711968,-0.294051,2.409623,2.771639,0.440191,-2.319031,-2.824632,-0.585271,2.222853,2.870821,0.728941,-2.12132,-2.910094,-0.870854,2.014677,2.942356,1.01067,-1.90318,-2.96753,-1.14805,1.787098,2.985554,1.282665,-1.666711,-2.996386,-1.41419,1.542308,3.0
85,2.591919,2.610261,0.036815,-2.573186,-2.62821,-0.073624,2.554066,2.645764,0.110422,-2.534561,-2.662919,-0.147203,2.514674,2.679673,0.183962,-2.494409,-2.696023,-0.220694,2.473768,2.711968,0.257392,-2.452754,-2.727504,-0.294051,2.431372,2.742629,0.330667,-2.409623,-2.757342,-0.367232,2.387511,2.771639
86,2.610261,2.573186,-0.073624,-2.645764,-2.534561,0.147203,2.679673,2.494409,-0.220694,-2.711968,-2.452754,0.294051,2.742629,2.409623,-0.367232,-2.771639,-2.365039,0.440191,2.798978,2.319031,-0.512886,-2.824632,-2.271627,0.585271,2.848585,2.222853,-0.657304,-2.870821,-2.172741,0.728941,2.891328,2.12132
87,2.62821,2.534561,-0.183962,-2.711968,-2.431372,0.367232,2.785518,2.319031,-0.54912,-2.848585,-2.197963,0.728941,2.900929,2.068622,-0.906018,-2.942356,-1.931495,1.079685,2.972708,1.787098,-1.249289,-2.991871,-1.635975,1.41419,2.999774,1.478695,-1.573769,-2.996386,-1.315849,1.727425,2.981721,1.14805
88,2.645764,2.494409,-0.294051,-2.771639,-2.319031,0.585271,2.870821,2.12132,-0.870854,-2.942356,-1.90318,1.14805,2.985554,1.666711,-1.41419,-3.0,-1.41419,1.666711,2.985554,1.14805,-1.90318,-2.942356,-0.870854,2.12132,2.870821,0.585271,-2.319031,-2.771639,-0.294051,2.494409,2.645764,0.0
89,2.662919,2.452754,-0.403742,-2.824632,-2.197963,0.800138,2.934952,1.90318,-1.181976,-2.991871,-1.573769,1.542308,2.994354,1.215724,-1.874578,-2.942356,-0.835559,2.172741,2.836822,0.440191,-2.431372,-2.679673,-0.036815,2.645764,2.473768,-0.367232,-2.812017,-2.222853,0.764597,2.927106,1.931495,-1.14805
90,2.679673,2.409623,-0.512886,-2.870821,-2.068622,1.01067,2.977439,1.666711,-1.478695,-2.996386,-1.215724,1.90318,2.927106,0.728941,-2.271627,-2.771639,-0.220694,2.573186,2.534561,-0.294051,-2.798978,-2.222853,0.800138,2.942356,1.845695,-1.282665,-2.999096,-1.41419,1.727425,2.96753,0.941045,-2.12132
91,2.696023,2.365039,-0.621334,-2.910094,-1.931495,1.215724,2.997967,1.41419,-1.757394,-2.955833,-0.835559,2.222853,2.785518,0.220694,-2.591919,-2.494409,0.403742,2.848585,2.095129,-1.01067,-2.981721,-1.604993,1.573769,2.985554,1.045256,-2.068622,-2.859918,-0.440191,2.473768,2.610261,-0.183962,-2.771639
92,2.711968,2.319031,-0.728941,-2.942356,-1.787098,1.41419,2.996386,1.14805,-2.014677,-2.870821,-0.440191,2.494409,2.573186,-0.294051,-2.824632,-2.12132,1.01067,2.985554,1.542308,-1.666711,-2.96753,-0.870854,2.222853,2.771639,0.147203,-2.645764,-2.409623,0.585271,2.910094,1.90318,-1.282665,-3.0
93,2.727504,2.271627,-0.835559,-2.96753,-1.635975,1.604993,2.972708,0.870854,-2.247409,-2.742629,-0.036815,2.711968,2.295502,-0.800138,-2.961904,-1.666711,1.573769,2.977439,0.906018,-2.222853,-2.757342,-0.073624,2.696023,2.319031,-0.764597,-2.955833,-1.697195,1.542308,2.981721,0.941045,-2.197963,-2.771639
94,2.742629,2.222853,-0.941045,-2.985554,-1.478695,1.787098,2.927106,0.585271,-2.452754,-2.573186,0.367232,2.870821,1.959519,-1.282665,-2.999096,-1.14805,2.068622,2.824632,0.220694,-2.645764,-2.365039,0.728941,2.955833,1.666711,-1.604993,-2.96753,-0.800138,2.319031,2.679673,-0.147203,-2.798978,-2.12132
95,2.757342,2.172741,-1.045256,-2.996386,-1.315849,1.959519,2.859918,0.294051,-2.62821,-2.365039,0.764597,2.96753,1.573769,-1.727425,-2.934952,-0.585271,2.473768,2.534561,-0.476574,-2.910094,-1.816533,1.478695,2.981721,0.870854,-2.295502,-2.679673,0.183962,2.824632,2.041803,-1.215724,-2.999774,-1.14805
96,2.771639,2.12132,-1.14805,-3.0,-1.14805,2.12132,2.771639,0.0,-2.771639,-2.12132,1.14805,3.0,1.14805,-2.12132,-2.771639,-0.0,2.771639,2.12132,-1.14805,-3.0,-1.14805,2.12132,2.771639,0.0,-2.771639,-2.12132,1.14805,3.0,1.14805,-2.12132,-2.771639,-0.0
97,2.785518,2.068622,-1.249289,-2.996386,-0.975931,2.271627,2.662919,-0.294051,-2.881292,-1.845695,1.510615,2.96753,0.693174,-2.452754,-2.514674,0.585271,2.949316,1.604993,-1.757394,-2.910094,-0.403742,2.610261,2.342212,-0.870854,-2.988938,-1.348834,1.987247,2.824632,0.110422,-2.742629,-2.147192,1.14805
98,2.798978,2.014677,-1.348834,-2.985554,-0.800138,2.409623,2.534561,-0.585271,-2.955833,-1.542308,1.845695,2.870821,0.220694,-2.711968,-2.172741,1.14805,2.999096,1.01067,-2.271627,-2.645764,0.367232,2.910094,1.727425,-1.666711,-2.927106,-0.440191,2.610261,2.319031,-0.941045,-2.996386,-1.215724,2.12132
99,2.812017,1.959519,-1.446551,-2.96753,-0.621334,2.534561,2.387511,-0.870854,-2.994354,-1.215724,2.147192,2.711968,-0.257392,-2.891328,-1.757394,1.666711,2.91882,0.367232,-2.662919,-2.222853,1.113952,2.999096,0.975931,-2.319031,-2.591919,0.512886,2.949316,1.542308,-1.874578,-2.848585,-0.110422,2.771639
100,2.824632,1.90318,-1.542308,-2.942356,-0.440191,2.645764,2.222853,-1.14805,-2.996386,-0.870854,2.409623,2.494409,-0.728941,-2.985554,-1.282665,2.12132,2.711968,-0.294051,-2.910094,-1.666711,1.787098,2.870821,0.147203,-2.771639,-2.014677,1.41419,2.96753,0.585271,-2.573186,-2.319031,1.01067,3.0
101,2.836822,1.845695,-1.635975,-2.910094,-0.257392,2.742629,2.041803,-1.41419,-2.961904,-0.512886,2.62821,2.222853,-1.181976,-2.991871,-0.764597,2.494409,2.387511,-0.941045,-2.999774,-1.01067,2.342212,2.534561,-0.693174,-2.985554,-1.249289,2.172741,2.662919,-0.440191,-2.949316,-1.478695,1.987247,2.771639
102,2.848585,1.787098,-1.727425,-2.870821,-0.073624,2.824632,1.845695,-1.666711,-2.891328,-0.147203,2.798978,1.90318,-1.604993,-2.910094,-0.220694,2.771639,1.959519,-1.542308,-2.927106,-0.294051,2.742629,2.014677,-1.478695,-2.942356,-0.367232,2.711968,2.068622,-1.41419,-2.955833,-0.440191,2.679673,2.12132
103,2.859918,1.727425,-1.816533,-2.824632,0.110422,2.891328,1.635975,-1.90318,-2.785518,0.220694,2.91882,1.542308,-1.987247,-2.742629,0.330667,2.942356,1.446551,-2.068622,-2.696023,0.440191,2.961904,1.348834,-2.147192,-2.645764,0.54912,2.977439,1.249289,-2.222853,-2.591919,0.657304,2.988938,1.14805
104,2.870821,1.666711,-1.90318,-2.771639,0.294051,2.942356,1.41419,-2.12132,-2.645764,0.585271,2.985554,1.14805,-2.319031,-2.494409,0.870854,3.0,0.870854,-2.494409,-2.319031,1.14805,2.985554,0.585271,-2.645764,-2.12132,1.41419,2.942356,0.294051,-2.771639,-1.90318,1.666711,2.870821,-0.0
105,2.881292,1.604993,-1.987247,-2.711968,0.476574,2.977439,1.181976,-2.319031,-2.473768,0.941045,2.997967,0.728941,-2.591919,-2.172741,1.381616,2.942356,0.257392,-2.798978,-1.816533,1.787098,2.812017,-0.220694,-2.934952,-1.41419,2.147192,2.610261,-0.693174,-2.996386,-0.975931,2.452754,2.342212,-1.14805
106,2.891328,1.542308,-2.068622,-2.645764,0.657304,2.996386,0.941045,-2.494409,-2.271627,1.282665,2.955833,0.294051,-2.798978,-1.787098,1.845695,2.771639,-0.367232,-2.96753,-1.215724,2.319031,2.452754,-1.01067,-2.991871,-0.585271,2.679673,2.014677,-1.604993,-2.870821,0.073624,2.910094,1.478695,-2.12132
107,2.900929,1.478695,-2.147192,-2.573186,0.835559,2.999096,0.693174,-2.645764,-2.041803,1.604993,2.859918,-0.147203,-2.934952,-1.348834,2.247409,2.494409,-0.975931,-2.991871,-0.54912,2.711968,1.931495,-1.727425,-2.812017,0.294051,2.961904,1.215724,-2.342212,-2.409623,1.113952,2.977439,0.403742,-2.771639
108,2.910094,1.41419,-2.222853,-2.494409,1.01067,2.985554,0.440191,-2.771639,-1.787098,1.90318,2.711968,-0.585271,-2.996386,-0.870854,2.573186,2.12132,-1.542308,-2.870821,0.147203,2.942356,1.282665,-2.319031,-2.409623,1.14805,2.96753,0.294051,-2.824632,-1.666711,2.014677,2.645764,-0.728941,-3.0
109,2.91882,1.348834,-2.295502,-2.409623,1.181976,2.955833,0.183962,-2.870821,-1.510615,2.172741,2.514674,-1.01067,-2.981721,-0.367232,2.812017,1.666711,-2.041803,-2.610261,0.835559,2.996386,0.54912,-2.742629,-1.816533,1.90318,2.696023,-0.657304,-2.999774,-0.728941,2.662919,1.959519,-1.757394,-2.771639
110,2.927106,1.282665,-2.365039,-2.319031,1.348834,2.910094,-0.073624,-2.942356,-1.215724,2.409623,2.271627,-1.41419,-2.891328,0.147203,2.955833,1.14805,-2.452754,-2.222853,1.478695,2.870821,-0.220694,-2.96753,-1.079685,2.494409,2.172741,-1.542308,-2.848585,0.294051,2.977439,1.01067,-2.534561,-2.12132
111,2.934952,1.215724,-2.431372,-2.222853,1.510615,2.848585,-0.330667,-2.985554,-0.906018,2.610261,1.987247,-1.787098,-2.727504,0.657304,2.999774,0.585271,-2.757342,-1.727425,2.041803,2.573186,-0.975931,-2.977439,-0.257392,2.870821,1.446551,-2.271627,-2.387511,1.282665,2.91882,-0.073624,-2.949316,-1.14805
112,2.942356,1.14805,-2.494409,-2.12132,1.666711,2.771639,-0.585271,-3.0,-0.585271,2.771639,1.666711,-2.12132,-2.494409,1.14805,2.942356,0.0,-2.942356,-1.14805,2.494409,2.12132,-1.666711,-2.771639,0.585271,3.0,0.585271,-2.771639,-1.666711,2.12132,2.494409,-1.14805,-2.942356,-0.0
113,2.949316,1.079685,-2.554066,-2.014677,1.816533,2.679673,-0.835559,-2.985554,-0.257392,2.891328,1.315849,-2.409623,-2.197963,1.604993,2.785518,-0.585271,-2.999774,-0.512886,2.812017,1.542308,-2.247409,-2.365039,1.381616,2.870821,-0.330667,-2.991871,-0.764597,2.711968,1.757394,-2.068622,-2.514674,1.14805
114,2.955833,1.01067,-2.610261,-1.90318,1.959519,2.573186,-1.079685,-2.942356,0.073624,2.96753,0.941045,-2.645764,-1.845695,2.014677,2.534561,-1.14805,-2.927106,0.147203,2.977439,0.870854,-2.679673,-1.787098,2.068622,2.494409,-1.215724,-2.910094,0.220694,2.985554,0.800138,-2.711968,-1.727425,2.12132
115,2.961904,0.941045,-2.662919,-1.787098,2.095129,2.452754,-1.315849,-2.870821,0.403742,2.999096,0.54912,-2.824632,-1.446551,2.365039,2.197963,-1.666711,-2.727504,0.800138,2.981721,0.147203,-2.934952,-1.079685,2.591919,1.90318,-1.987247,-2.534561,1.181976,2.910094,-0.257392,-2.991871,-0.693174,2.771639
116,2.96753,0.870854,-2.711968,-1.666711,2.222853,2.319031,-1.542308,-2.771639,0.728941,2.985554,0.147203,-2.942356,-1.01067,2.645764,1.787098,-2.12132,-2.409623,1.41419,2.824632,-0.585271,-2.996386,-0.294051,2.910094,1.14805,-2.573186,-1.90318,2.014677,2.494409,-1.282665,-2.870821,0.440191,3.0
117,2.972708,0.800138,-2.757342,-1.542308,2.342212,2.172741,-1.757394,-2.645764,1.045256,2.927106,-0.257392,-2.996386,-0.54912,2.848585,1.315849,-2.494409,-1.987247,1.959519,2.514674,-1.282665,-2.859918,0.512886,2.997967,0.294051,-2.91882,-1.079685,2.62821,1.787098,-2.147192,-2.365039,1.510615,2.771639
118,2.977439,0.728941,-2.798978,-1.41419,2.452754,2.014677,-1.959519,-2.494409,1.348834,2.824632,-0.657304,-2.985554,-0.073624,2.96753,0.800138,-2.771639,-1.478695,2.409623,2.068622,-1.90318,-2.534561,1.282665,2.848585,-0.585271,-2.991871,-0.147203,2.955833,0.870854,-2.742629,-1.542308,2.365039,2.12132
119,2.981721,0.657304,-2.836822,-1.282665,2.554066,1.845695,-2.147192,-2.319031,1.635975,2.679673,-1.045256,-2.910094,0.403742,2.999096,0.257392,-2.942356,-0.906018,2.742629,1.510615,-2.409623,-2.041803,1.959519,2.473768,-1.41419,-2.785518,0.800138,2.961904,-0.147203,-2.994354,-0.512886,2.881292,1.14805
120,2.985554,0.585271,-2.870821,-1.14805,2.645764,1.666711,-2.319031,-2.12132,1.90318,2.494409,-1.41419,-2.771639,0.870854,2.942356,-0.294051,-3.0,-0.294051,2.942356,0.870854,-2.771639,-1.41419,2.494409,1.90318,-2.12132,-2.319031,1.666711,2.645764,-1.14805,-2.870821,0.585271,2.985554,0.0
121,2.988938,0.512886,-2.900929,-1.01067,2.727504,1.478695,-2.473768,-1.90318,2.147192,2.271627,-1.757394,-2.573186,1.315849,2.798978,-0.835559,-2.942356,0.330667,2.999096,0.183962,-2.96753,-0.693174,2.848585,1.181976,-2.645764,-1.635975,2.365039,2.041803,-2.014677,-2.387511,1.604993,2.662919,-1.14805
122,2.991871,0.440191,-2.927106,-0.870854,2.798978,1.282665,-2.610261,-1.666711,2.365039,2.014677,-2.068622,-2.319031,1.727425,2.573186,-1.348834,-2.771639,0.941045,2.910094,-0.512886,-2.985554,0.073624,2.996386,0.367232,-2.942356,-0.800138,2.824632,1.215724,-2.645764,-1.604993,2.409623,1.959519,-2.12132
123,2.994354,0.367232,-2.949316,-0.728941,2.859918,1.079685,-2.727504,-1.41419,2.554066,1.727425,-2.342212,-2.014677,2.095129,2.271627,-1.816533,-2.494409,1.510615,2.679673,-1.181976,-2.824632,0.835559,2.927106,-0.476574,-2.985554,0.110422,2.999096,0.257392,-2.96753,-0.621334,2.891328,0.975931,-2.771639
124,2.996386,0.294051,-2.96753,-0.585271,2.910094,0.870854,-2.824632,-1.14805,2.711968,1.41419,-2.573186,-1.666711,2.409623,1.90318,-2.222853,-2.12132,2.014677,2.319031,-1.787098,-2.494409,1.542308,2.645764,-1.282665,-2.771639,1.01067,2.870821,-0.728941,-2.942356,0.440191,2.985554,-0.147203,-3.0
125,2.997967,0.220694,-2.981721,-0.440191,2.949316,0.657304,-2.900929,-0.870854,2.836822,1.079685,-2.757342,-1.282665,2.662919,1.478695,-2.554066,-1.666711,2.431372,1.845695,-2.295502,-2.014677,2.147192,2.172741,-1.987247,-2.319031,1.816533,2.452754,-1.635975,-2.573186,1.446551,2.679673,-1.249289,-2.771639
126,2.999096,0.147203,-2.991871,-0.294051,2.977439,0.440191,-2.955833,-0.585271,2.927106,0.728941,-2.891328,-0.870854,2.848585,1.01067,-2.798978,-1.14805,2.742629,1.282665,-2.679673,-1.41419,2.610261,1.542308,-2.534561,-1.666711,2.452754,1.787098,-2.365039,-1.90318,2.271627,2.014677,-2.172741,-2.12132
127,2.999774,0.073624,-2.997967,-0.147203,2.994354,0.220694,-2.988938,-0.294051,2.981721,0.367232,-2.972708,-0.440191,2.961904,0.512886,-2.949316,-0.585271,2.934952,0.657304,-2.91882,-0.728941,2.900929,0.800138,-2.881292,-0.870854,2.859918,0.941045,-2.836822,-1.01067,2.812017,1.079685,-2.785518,-1.14805
128,3.0,0.0,-3.0,-0.0,3.0,0.0,-3.0,-0.0,3.0,0.0,-3.0,-0.0,3.0,0.0,-3.0,-0.0,3.0,0.0,-3.0,-0.0,3.0,0.0,-3.0,-0.0,3.0,-0.0,-3.0,-0.0,3.0,0.0,-3.0,-0.0
129,2.999774,-0.073624,-2.997967,0.147203,2.994354,-0.220694,-2.988938,0.294051,2.981721,-0.367232,-2.972708,0.440191,2.961904,-0.512886,-2.949316,0.585271,2.934952,-0.657304,-2.91882,0.728941,2.900929,-0.800138,-2.881292,0.870854,2.859918,-0.941045,-2.836822,1.01067,2.812017,-1.079685,-2.785518,1.14805
130,2.999096,-0.147203,-2.991871,0.294051,2.977439,-0.440191,-2.955833,0.585271,2.927106,-0.728941,-2.891328,0.870854,2.848585,-1.01067,-2.798978,1.14805,2.742629,-1.282665,-2.679673,1.41419,2.610261,-1.542308,-2.534561,1.666711,2.452754,-1.787098,-2.365039,1.90318,2.271627,-2.014677,-2.172741,2.12132
131,2.997967,-0.220694,-2.981721,0.440191,2.949316,-0.657304,-2.900929,0.870854,2.836822,-1.079685,-2.757342,1.282665,2.662919,-1.478695,-2.554066,1.666711,2.431372,-1.845695,-2.295502,2.014677,2.147192,-2.172741,-1.987247,2.319031,1.816533,-2.452754,-1.635975,2.573186,1.446551,-2.679673,-1.249289,2.771639
132,2.996386,-0.294051,-2.96753,0.585271,2.910094,-0.870854,-2.824632,1.14805,2.711968,-1.41419,-2.573186,1.666711,2.409623,-1.90318,-2.222853,2.12132,2.014677,-2.319031,-1.787098,2.494409,1.542308,-2.645764,-1.282665,2.771639,1.01067,-2.870821,-0.728941,2.942356,0.440191,-2.985554,-0.147203,3.0
133,2.994354,-0.367232,-2.949316,0.728941,2.859918,-1.079685,-2.727504,1.41419,2.554066,-1.727425,-2.342212,2.014677,2.095129,-2.271627,-1.816533,2.494409,1.510615,-2.679673,-1.181976,2.824632,0.835559,-2.927106,-0.476574,2.985554,0.110422,-2.999096,0.257392,2.96753,-0.621334,-2.891328,0.975931,2.771639
